     X (m)          Y (m)        Depth (m)
==============================================
     38.1939       82.1305      -38.2000 
     46.1960       82.1651      -38.1763 
     54.2158       82.1285      -37.6803 
     66.3550       82.0937      -37.4463 
     82.2440       78.1773      -37.5693 
     40.2147       82.1752      -38.3550 
     42.3070       82.1664      -38.3828 
     44.4019       82.2144      -38.3323 
     48.2083       82.0681      -38.0407 
     34.3360       84.1344      -38.0649 
     64.2888       84.1114      -37.7685 
     32.2705       86.1574      -38.0069 
     30.2941       88.0680      -37.9970 
     86.3202       78.1322      -37.4924 
     90.2337       78.1368      -37.5263 
     50.3084       82.2003      -37.9503 
     60.2958       82.1169      -37.4445 
     62.2530       82.0778      -37.4690 
     36.2837       84.1443      -38.3718 
     58.3121       84.1945      -37.9748 
     60.2850       84.1485      -37.8244 
     28.2365       88.1179      -37.7564 
     26.2306       90.1438      -37.7824 
     80.2310       78.1690      -37.6664 
     88.2141       78.0956      -37.5265 
     44.3733       80.1944      -37.8798 
     74.3222       80.2135      -37.7367 
     80.2257       80.1851      -38.0073 
     82.2219       80.2185      -37.9920 
     84.3111       80.1255      -37.9040 
     86.3284       80.1982      -37.9163 
     36.3128       82.1466      -37.9988 
     52.2918       82.1182      -37.7981 
     58.2575       82.1601      -37.6311 
     64.2477       82.0880      -37.4422 
     68.2696       82.1867      -37.6581 
     70.2170       82.1744      -37.7012 
     52.2160       84.1364      -38.0894 
     56.2728       84.1835      -38.0375 
     62.1865       84.1352      -37.7560 
     66.2831       84.1916      -37.8404 
     28.2947       90.0853      -37.9959 
     30.2537       90.1883      -38.2693 
     84.2241       76.0635      -37.2756 
     76.3528       78.1270      -37.6516 
     84.2735       78.0637      -37.5721 
     42.2784       80.0888      -37.9694 
     72.2640       80.1163      -37.6197 
     76.2446       80.1613      -37.9297 
     78.2738       80.2027      -38.0191 
     88.1773       80.1250      -37.8283 
     56.2408       82.1385      -37.6841 
     72.2661       82.1233      -37.8515 
     32.1867       84.2163      -37.8080 
     38.2239       84.1519      -38.5752 
     48.2782       84.1597      -38.3552 
     54.2323       84.1359      -38.0353 
     34.4021       86.2059      -38.4044 
     32.3036       88.1248      -38.2898 
     24.2133       90.1034      -37.6413 
     46.2224       22.1513      -38.3828 
     10.4058       74.1277      -38.3181 
     38.2034       80.1398      -37.8948 
     40.2133       80.0309      -37.9289 
     90.2617       80.1439      -37.8529 
     88.2115       82.1506      -38.0626 
     90.2224       82.1060      -37.9978 
     40.2738       84.1453      -38.5982 
     42.3552       84.1832      -38.6932 
     46.1360       84.1580      -38.5666 
     50.3736       84.1597      -38.2072 
     68.2596       84.1657      -37.8643 
     62.2429       86.1785      -37.9742 
     64.2545       86.0869      -37.9088 
     10.3240       10.1404      -38.6658 
     40.2110       22.1974      -38.3957 
     42.3364       22.1454      -38.3102 
     68.2379       66.1615      -37.8267 
     12.2394       74.1594      -38.4152 
     88.2166       76.0912      -37.1891 
     78.2096       78.1727      -37.7016 
     48.2111       79.9862      -37.6620 
     50.3052       80.1102      -37.6208 
     52.3420       80.0781      -37.5905 
     70.2106       80.0748      -37.4451 
     34.2962       82.0676      -37.8759 
     82.2058       82.1082      -38.0663 
     44.2930       84.1735      -38.5966 
     70.2520       84.1631      -37.8804 
     24.2056       86.0843      -37.8486 
     36.2323       86.1284      -38.5634 
     48.2769       86.1446      -38.3932 
     60.2487       86.1450      -37.9693 
     82.3040       86.1156      -37.8030 
     22.2311       88.1867      -37.7969 
     34.2942       88.1576      -38.4177 
     54.2572       88.1519      -38.0811 
     58.2599       88.1290      -37.9656 
     80.2590       88.1293      -37.6194 
     84.1898       88.1163      -37.6397 
     22.2149       90.1307      -37.6395 
     32.3256       90.1554      -38.3157 
     52.2436       90.1610      -37.9826 
     62.2417       90.1196      -37.7727 
     64.3492       90.1412      -37.7054 
     80.2806       90.1525      -37.4696 
     82.2975       90.1975      -37.3975 
     12.2620       10.1139      -38.6011 
     42.2634       12.0852      -39.1160 
     56.2896       12.1200      -39.2478 
     70.2512       14.1862      -39.0191 
     82.3027       14.1485      -39.1312 
     42.2357       16.1301      -38.9482 
     48.2581       22.1650      -38.2319 
     54.2869       22.1157      -38.2967 
     56.2217       22.1172      -38.3108 
     58.1553       22.1469      -38.2886 
     60.2794       22.0744      -38.3794 
     64.3133       22.0605      -38.3076 
     66.1525       22.0570      -38.2377 
     28.2683       24.1486      -38.5002 
     32.2750       24.2115      -38.2954 
     12.2333       72.1482      -38.0604 
     16.1934       72.1404      -38.1951 
     18.1942       72.0721      -38.2674 
     22.3318       72.1918      -38.4589 
     14.2576       74.1072      -38.4047 
     90.1977       76.0007      -37.1379 
     56.2743       80.0851      -37.4707 
     68.3479       80.1611      -37.4273 
     74.2914       82.1770      -37.9300 
     76.2785       82.1331      -38.1272 
     78.2560       82.1580      -38.0869 
     82.2058       82.1082      -38.0663 
     84.2973       82.1733      -38.0569 
     86.2197       82.1599      -38.0709 
     86.2134       84.1154      -38.0362 
     38.2470       86.1867      -38.5735 
     50.3352       86.1081      -38.2552 
     52.1914       86.0968      -38.1252 
     54.2484       86.1432      -38.1265 
     56.2622       86.0876      -38.1386 
     58.2476       86.1527      -38.0608 
     66.3274       86.1815      -37.8806 
     68.1809       86.1254      -37.8507 
     78.2587       86.1295      -37.7822 
     88.2581       86.1154      -37.9344 
     22.2311       88.1867      -37.7969 
     36.1985       88.0832      -38.5098 
     38.2477       88.1455      -38.4681 
     46.2784       88.1480      -38.3180 
     50.2377       88.0924      -38.1778 
     52.2109       88.1629      -38.0900 
     56.2843       88.1386      -38.0810 
     60.2588       88.1724      -37.9013 
     62.2125       88.0907      -37.8958 
     66.2404       88.1573      -37.8086 
     68.2043       88.1058      -37.7642 
     86.2149       88.0947      -37.7467 
     20.2830       90.1062      -37.6250 
     34.2862       90.1209      -38.3524 
     38.2516       90.1572      -38.2993 
     40.3004       90.2040      -38.2333 
     46.2943       90.1295      -38.1642 
     64.3492       90.1412      -37.7054 
     66.1685       90.1306      -37.6637 
     68.2038       90.1199      -37.6419 
     72.2590       90.1242      -37.4713 
     74.2850       90.1913      -37.4652 
     78.2489       90.1119      -37.3820 
     86.2049       90.1314      -37.5457 
     16.3172       10.1971      -38.5275 
     20.1655       10.1554      -38.4924 
     50.2103       10.1135      -39.2753 
     54.2886       10.1652      -39.2964 
     56.1563       10.1563      -39.2531 
     60.3353       10.2083      -39.2732 
     64.2141       10.1518      -39.2600 
     72.2315       10.0890      -39.1305 
     78.1635       10.0029      -39.2893 
     66.3121       12.1488      -39.1460 
     72.2954       12.0890      -39.0806 
     74.3384       12.0676      -39.0707 
     76.2507       12.1581      -39.1682 
     78.2815       12.0955      -39.2070 
     44.2935       14.0898      -39.1094 
     46.2531       14.1062      -39.1141 
     52.2466       14.1698      -39.0496 
     54.2056       14.2393      -39.0136 
     56.2755       14.1211      -39.1027 
     58.2704       14.1488      -39.1426 
     60.1968       14.1771      -39.1302 
     62.2306       14.0804      -39.0888 
     64.3139       14.1069      -39.0214 
     78.2644       14.1151      -39.0748 
     80.2557       14.1799      -39.1300 
     32.2812       16.1706      -39.0513 
     48.2920       16.1212      -39.0207 
     58.2675       16.1805      -38.9134 
     68.2921       16.1818      -38.8632 
     52.2737       20.1679      -38.5757 
     68.2405       20.1642      -38.4813 
     74.2238       20.1557      -38.3591 
     88.2973       20.1701      -38.6074 
     30.2522       22.0825      -38.6753 
     44.3378       22.0917      -38.3829 
     30.2240       24.1648      -38.2598 
     16.1505       26.0891      -38.5868 
     44.2170       64.1183      -38.5757 
     50.3059       64.2168      -38.3025 
     30.2334       68.1388      -38.3965 
     70.2957       68.2093      -38.0688 
     72.3288       68.1115      -37.9945 
     28.3379       70.1643      -38.5808 
     10.2596       72.1581      -38.0510 
     16.1934       72.1404      -38.1951 
     20.2767       72.1699      -38.3598 
     16.2769       74.1046      -38.4510 
     46.2889       74.1674      -38.0867 
     10.2350       76.1788      -38.7158 
     86.2673       76.1131      -37.1470 
     74.2478       78.1413      -37.4003 
     12.2775       80.0743      -38.7534 
     14.2612       80.1199      -38.7159 
     64.2116       80.1265      -37.3982 
     28.2666       82.1650      -38.1034 
     80.2760       82.1677      -38.0582 
     10.2006       84.1459      -38.6396 
     22.3096       84.1891      -38.1027 
     26.2203       84.1340      -37.9694 
     72.2875       84.1556      -37.9506 
     74.2738       84.1411      -37.9488 
     80.2171       84.1258      -37.9212 
     84.3171       84.2077      -37.9912 
     88.2253       84.0958      -38.0745 
     90.2654       84.1255      -38.0247 
     20.2545       86.1239      -38.0787 
     26.2463       86.1880      -37.8398 
     30.1619       86.1270      -37.8267 
     42.3082       86.1839      -38.6590 
     70.2511       86.1015      -37.8451 
     72.2317       86.1899      -37.8229 
     74.2850       86.1627      -37.8523 
     80.2670       86.1227      -37.7886 
     84.2897       86.1663      -37.8288 
     86.1515       86.1301      -37.9202 
     90.3289       86.1520      -37.8998 
     14.2476       88.1730      -38.0387 
     18.2601       88.1579      -37.9255 
     24.2204       88.1946      -37.7797 
     26.2496       88.1534      -37.7211 
     38.2477       88.1455      -38.4681 
     40.3462       88.1595      -38.3985 
     44.2114       88.1039      -38.3466 
     48.3036       88.2113      -38.3136 
     64.2928       88.1165      -37.8239 
     70.2709       88.1145      -37.6735 
     76.2125       88.1560      -37.6279 
     78.2887       88.1289      -37.6311 
     82.3292       88.1692      -37.6156 
     88.2760       88.1805      -37.7987 
     10.2448       90.1415      -38.0815 
     12.2456       90.1582      -37.9704 
     14.2604       90.1515      -37.8842 
     18.2495       90.1035      -37.7859 
     36.2094       90.0408      -38.3272 
     38.2516       90.1572      -38.2993 
     42.2655       90.1121      -38.2133 
     48.2919       90.1756      -38.0985 
     50.2335       90.1682      -38.0796 
     54.3168       90.1894      -37.9960 
     56.2810       90.1406      -37.9127 
     58.2717       90.1175      -37.8257 
     60.2435       90.1648      -37.7064 
     70.2207       90.1880      -37.4563 
     74.2850       90.1913      -37.4652 
     76.3108       90.1952      -37.3963 
     84.1952       90.2075      -37.4792 
     86.2049       90.1314      -37.5457 
     88.2519       90.1764      -37.5527 
     90.3006       90.1408      -37.4707 
     14.2581       10.1383      -38.5915 
     18.3430       10.2594      -38.4928 
     44.2453       10.1105      -39.1373 
     48.2797       10.0951      -39.3063 
     52.2885       10.1865      -39.3014 
     58.2309       10.2474      -39.2387 
     60.3353       10.2083      -39.2732 
     62.2263       10.0573      -39.2890 
     64.2141       10.1518      -39.2600 
     74.2905       10.1643      -39.1353 
     76.3295       10.0881      -39.2387 
     78.1635       10.0029      -39.2893 
     84.3266       10.2285      -39.3365 
     12.2540       11.9883      -38.5086 
     46.2675       12.0857      -39.2475 
     48.2786       12.1114      -39.2525 
     50.2488       12.1250      -39.2270 
     52.2067       12.1345      -39.2110 
     54.2674       12.1333      -39.2241 
     58.2726       12.0802      -39.2592 
     62.2182       12.0864      -39.2398 
     64.2984       12.1034      -39.1907 
     68.3164       12.1215      -39.1161 
     70.2692       12.1350      -39.1427 
     80.2237       12.1004      -39.2950 
     84.2139       12.1366      -39.3007 
     86.3269       12.2312      -39.2122 
     88.3392       12.2038      -39.1952 
     34.2200       14.1723      -39.0592 
     40.2424       14.1154      -39.0552 
     42.2663       14.1275      -39.0385 
     48.2558       14.1594      -39.1485 
     50.2100       14.1864      -39.0980 
     62.2306       14.0804      -39.0888 
     72.2724       14.1107      -38.8920 
     76.2646       14.1340      -39.0348 
     80.2557       14.1799      -39.1300 
     28.2610       16.1575      -39.1473 
     36.3168       16.1404      -38.9519 
     38.2644       16.1422      -38.9540 
     54.2475       16.1609      -38.9217 
     58.2675       16.1805      -38.9134 
     62.2646       16.1843      -38.9124 
     70.2852       16.1592      -38.8186 
     78.2486       16.1422      -38.8837 
     90.2547       16.1645      -38.9070 
     16.2778       18.1640      -39.2054 
     18.2308       18.0884      -39.1769 
     20.2624       18.1051      -39.1020 
     40.2204       18.1480      -38.8782 
     46.2858       18.0605      -38.8649 
     54.2245       18.1417      -38.8291 
     76.3158       18.1357      -38.7171 
     24.2031       20.1452      -38.9573 
     48.2411       20.0696      -38.6168 
     56.2979       20.1340      -38.6211 
     70.2672       20.1319      -38.4569 
     44.3378       22.0917      -38.3829 
     50.2710       22.1799      -38.2700 
     52.2032       22.2088      -38.1861 
     36.2836       24.2045      -38.2647 
     88.3053       24.1684      -38.1181 
     18.2645       26.1627      -38.5091 
     46.2538       62.1064      -37.9716 
     42.3355       64.1690      -38.6786 
     44.2170       64.1183      -38.5757 
     46.2677       64.2082      -38.5825 
     48.3814       64.1276      -38.3623 
     52.2103       64.1640      -38.2083 
     54.2497       64.1905      -38.2211 
     58.3212       64.1612      -38.0594 
     64.2494       64.0663      -37.6764 
     64.2515       66.1462      -38.1445 
     66.2726       66.1620      -37.9716 
     22.2753       68.0485      -37.9200 
     30.2334       68.1388      -38.3965 
     66.2660       68.1569      -38.2443 
     74.2069       68.2083      -37.8957 
     76.2159       68.2130      -37.6909 
     14.1923       70.1300      -37.8281 
     16.2607       70.1594      -37.8748 
     24.2669       70.1558      -38.3532 
     28.3379       70.1643      -38.5808 
     14.2936       72.1451      -38.0972 
     24.2428       72.0598      -38.5557 
     80.2691       74.0969      -37.4645 
     82.2849       74.1072      -37.2980 
     12.2420       76.1376      -38.6592 
     14.2254       76.1492      -38.6707 
     16.2519       76.1609      -38.6307 
     66.2474       76.0668      -37.7143 
     80.2360       76.1447      -37.5055 
     82.2470       76.2268      -37.3715 
     42.2521       78.0939      -37.9198 
     10.2181       80.1635      -38.8340 
     16.2298       80.1735      -38.6364 
     46.2400       80.0813      -37.8010 
     54.2352       80.0603      -37.4250 
     58.3140       80.1034      -37.4747 
     60.3035       80.1557      -37.4033 
     18.2707       82.1374      -38.4281 
     24.2413       82.1121      -38.1419 
     26.2656       82.0958      -38.0794 
     30.3104       82.1026      -38.0858 
     76.2501       84.1658      -38.0211 
     78.2799       84.1407      -37.9819 
     82.2370       84.1279      -37.9395 
     88.2253       84.0958      -38.0745 
     16.2810       86.1253      -38.3055 
     22.3201       86.2184      -37.9722 
     28.3342       86.1641      -37.7388 
     40.3384       86.1635      -38.5855 
     44.2300       86.1836      -38.5365 
     46.1920       86.1312      -38.4616 
     76.2736       86.1793      -37.8604 
     10.2759       88.1422      -38.2184 
     12.2258       88.1450      -38.1643 
     20.2970       88.1139      -37.8975 
     42.3115       88.1431      -38.4599 
     72.2834       88.1781      -37.6615 
     74.2794       88.1836      -37.6607 
     76.2125       88.1560      -37.6279 
     90.2744       88.1180      -37.7100 
     14.2604       90.1515      -37.8842 
     16.2241       90.1572      -37.7886 
     36.2094       90.0408      -38.3272 
     42.2655       90.1121      -38.2133 
     44.1662       90.0732      -38.1490 
     60.2435       90.1648      -37.7064 
     24.2523       10.1739      -38.6011 
     46.2318       10.0545      -39.2378 
     58.2309       10.2474      -39.2387 
     66.2660       10.1873      -39.2122 
     68.3278       10.2411      -39.1795 
     82.3231       10.1925      -39.3884 
     84.3266       10.2285      -39.3365 
     88.2578       10.2349      -39.2230 
     10.3064       12.1653      -38.5753 
     22.2612       12.1937      -38.9077 
     40.2778       12.0739      -39.1159 
     44.2584       12.0792      -39.2043 
     46.2675       12.0857      -39.2475 
     50.2488       12.1250      -39.2270 
     52.2067       12.1345      -39.2110 
     60.2353       12.0861      -39.2929 
     90.2058       12.0840      -39.2454 
     38.2877       14.0848      -39.0352 
     66.2792       14.1639      -38.9871 
     68.2870       14.1333      -39.0006 
     74.2655       14.1020      -38.9520 
     84.2683       14.1497      -39.1564 
     88.3248       14.1519      -39.1121 
     90.2745       14.1294      -39.1175 
     26.2664       16.2138      -39.1682 
     36.3168       16.1404      -38.9519 
     40.2315       16.1521      -38.9954 
     44.2471       16.1907      -38.9637 
     46.2543       16.0871      -39.0002 
     50.2920       16.0668      -38.9202 
     64.2829       16.1128      -38.8569 
     66.2871       16.1936      -38.8548 
     76.2029       16.1212      -38.9296 
     84.2220       16.1083      -39.0164 
     88.2772       16.1549      -38.9980 
     16.2778       18.1640      -39.2054 
     18.2308       18.0884      -39.1769 
     22.3094       18.0919      -39.1747 
     36.2528       18.1762      -38.8338 
     38.2717       18.2146      -38.8012 
     44.2764       18.1582      -38.8910 
     54.2245       18.1417      -38.8291 
     60.2426       18.1997      -38.7763 
     64.2636       18.1039      -38.7594 
     72.2692       18.1957      -38.5876 
     74.2872       18.1398      -38.7309 
     78.2960       18.1709      -38.7350 
     82.2287       18.1674      -38.7976 
     84.2863       18.0997      -38.8078 
     22.2613       20.1366      -39.0750 
     26.2413       20.1132      -38.8951 
     28.2548       20.1292      -38.9040 
     48.2411       20.0696      -38.6168 
     54.2679       20.1231      -38.5793 
     58.2066       20.1645      -38.6228 
     66.2192       20.1227      -38.5914 
     76.2482       20.1669      -38.4514 
     78.2614       20.1018      -38.5837 
     16.2681       22.0843      -38.9383 
     18.1816       22.2078      -38.8590 
     62.2731       22.1040      -38.2826 
     68.3011       22.0454      -38.3166 
     80.2885       22.1431      -38.2902 
     24.2223       24.0968      -38.7249 
     34.2570       24.2251      -38.2385 
     84.1050       24.2432      -37.8659 
     86.2894       24.2186      -38.0272 
     88.3053       24.1684      -38.1181 
     90.2044       24.0313      -38.1989 
     14.2707       26.0592      -38.5440 
     20.2038       25.9541      -38.5366 
     36.3013       60.1166      -38.1722 
     56.3067       64.1380      -38.1000 
     62.3447       64.1299      -37.8031 
     64.2494       64.0663      -37.6764 
     62.2369       66.1393      -38.1892 
     66.2726       66.1620      -37.9716 
     70.3167       66.1588      -37.7188 
     24.2369       68.1182      -37.9294 
     26.2734       68.1562      -38.2774 
     28.1980       68.1519      -38.3064 
     32.2889       68.1528      -38.5219 
     36.2712       68.1720      -38.7650 
     26.2743       72.1266      -38.5658 
     80.3096       72.1510      -37.4449 
     18.3265       74.1633      -38.5170 
     20.3211       74.1903      -38.5598 
     26.2269       74.1852      -38.6025 
     58.2698       76.1650      -37.7526 
     10.2606       78.1290      -38.7765 
     12.2331       78.1671      -38.7422 
     14.2817       78.1432      -38.7377 
     16.2728       78.1440      -38.6732 
     18.2596       78.1843      -38.5670 
     24.2777       78.2022      -38.4367 
     40.2185       78.0176      -37.9224 
     58.2489       78.1574      -37.6293 
     72.2118       78.0518      -37.5018 
     16.2298       80.1735      -38.6364 
     18.3166       80.2006      -38.5431 
     20.2146       80.1499      -38.5107 
     26.2024       80.1614      -38.2225 
     36.3104       80.1171      -37.8393 
     62.2433       80.1304      -37.4182 
     66.2694       80.0748      -37.3313 
     10.2128       82.1236      -38.7065 
     12.2605       82.1327      -38.7091 
     16.2882       82.1562      -38.5296 
     22.2357       82.1381      -38.2924 
     12.2798       84.1462      -38.5890 
     16.2266       84.1067      -38.4376 
     18.2821       84.1811      -38.3732 
     20.2608       84.1113      -38.2371 
     28.2585       84.1402      -37.9836 
     30.1879       84.1368      -37.9090 
     10.2382       86.1919      -38.4687 
     12.2834       86.1538      -38.3515 
     14.2574       86.2063      -38.2448 
     46.1920       86.1312      -38.4616 
     16.2667       88.1216      -38.0418 
     24.2523       10.1739      -38.6011 
     26.4056       10.1482      -38.7566 
     38.2548       10.0892      -38.8583 
     40.2604       10.1128      -38.9678 
     42.2715       10.1294      -39.1276 
     86.2571       10.0463      -39.2908 
     88.2578       10.2349      -39.2230 
     38.2875       12.0647      -39.0365 
     82.2237       12.1370      -39.3430 
     10.3243       14.1253      -38.6033 
     26.3158       14.1215      -39.2400 
     30.3292       14.1464      -39.1825 
     36.2313       14.1486      -39.0027 
     74.2655       14.1020      -38.9520 
     22.2518       16.1626      -39.1022 
     24.3117       16.1469      -39.2121 
     34.2860       16.1707      -38.9927 
     52.2335       16.1510      -38.9520 
     56.2723       16.0886      -38.9422 
     60.3198       16.1379      -38.9620 
     72.3100       16.0346      -38.8762 
     80.3046       16.0838      -38.9732 
     82.2220       16.1047      -39.0300 
     86.2953       16.0769      -38.9498 
     88.2772       16.1549      -38.9980 
     14.2236       18.1574      -39.1256 
     24.2855       18.1335      -39.1390 
     30.2820       18.1134      -39.1002 
     32.2125       18.0673      -38.9479 
     34.2229       18.1353      -38.9109 
     38.2717       18.2146      -38.8012 
     50.2283       18.0940      -38.7550 
     52.2688       18.0778      -38.8278 
     56.2475       18.1318      -38.8320 
     58.2714       18.0746      -38.8793 
     66.2962       18.1929      -38.7985 
     70.2785       18.0738      -38.7161 
     72.2692       18.1957      -38.5876 
     86.2877       18.1111      -38.8269 
     90.2416       18.1055      -38.8609 
     12.2734       20.1026      -39.1233 
     26.2413       20.1132      -38.8951 
     30.3049       20.1702      -38.9018 
     34.3084       20.1518      -38.6979 
     40.3035       20.1582      -38.7498 
     44.3545       20.0994      -38.7064 
     60.3050       20.1190      -38.6928 
     62.2208       20.1532      -38.5519 
     80.2647       20.1718      -38.6123 
     82.2635       20.1210      -38.5530 
     86.2979       20.0911      -38.6313 
     90.1773       20.1386      -38.6533 
     20.2503       22.1262      -38.8940 
     32.3356       22.0983      -38.7000 
     38.2624       22.1288      -38.4474 
     76.2262       22.1296      -38.2895 
     78.2421       22.1432      -38.2588 
     82.2255       22.0522      -38.4276 
     10.1299       24.1283      -38.8629 
     12.3031       24.2048      -38.7832 
     14.2782       24.1326      -38.8466 
     34.2570       24.2251      -38.2385 
     10.2315       26.1056      -38.6179 
     20.2038       25.9541      -38.5366 
     22.4580       26.0607      -38.4886 
     34.1840       60.1334      -38.3115 
     40.1771       62.1310      -38.1818 
     42.2937       62.1265      -38.1550 
     48.2920       62.0667      -37.8406 
     60.2368       64.0988      -37.9970 
     28.2924       66.0533      -38.0093 
     30.2237       66.1573      -38.1042 
     32.2188       66.0965      -38.1769 
     36.2330       66.1480      -38.4620 
     38.2117       66.2137      -38.7600 
     40.3269       66.1403      -38.8140 
     60.2525       66.1163      -38.3046 
     72.3594       66.0448      -37.6037 
     34.3326       68.1804      -38.6274 
     38.3302       68.0735      -38.8956 
     54.2571       68.1110      -38.4685 
     68.2504       68.1785      -38.1544 
     12.2601       70.1292      -37.9036 
     18.2656       70.1064      -37.9576 
     20.2672       70.1332      -38.0816 
     26.2785       70.1518      -38.4509 
     30.2253       70.1330      -38.6154 
     44.2555       70.1484      -38.6823 
     74.2436       70.1288      -38.0298 
     78.2783       70.1818      -37.6304 
     84.3070       70.1801      -37.4831 
     88.2654       70.1318      -37.5485 
     28.2713       72.0331      -38.5577 
     30.2317       72.1392      -38.6412 
     36.2904       72.1302      -38.4398 
     38.2641       72.1396      -38.4590 
     52.2985       72.1373      -38.2515 
     68.2529       72.1525      -38.0002 
     70.2984       72.1798      -38.0434 
     76.2160       72.1811      -37.8577 
     84.2379       72.1612      -37.3895 
     90.3340       72.1506      -37.4482 
     22.2660       74.1432      -38.5796 
     34.3185       74.2060      -38.4074 
     40.3147       74.1067      -38.2048 
     48.2989       74.0751      -38.1498 
     64.2199       74.1927      -37.9543 
     68.2277       74.1821      -37.8867 
     74.2494       74.1308      -37.8565 
     78.2220       74.1773      -37.6963 
     18.2723       76.1851      -38.5514 
     20.2907       76.1686      -38.6123 
     22.2962       76.1314      -38.5362 
     24.2307       76.1290      -38.5592 
     26.3199       76.1442      -38.5222 
     30.2347       76.1774      -38.4618 
     32.2952       76.1210      -38.3770 
     34.2428       76.0951      -38.3094 
     46.3160       76.0669      -37.9623 
     56.2421       76.1278      -37.8121 
     60.2284       76.2357      -37.8567 
     62.3420       76.1112      -37.7842 
     64.2406       76.1206      -37.7795 
     68.3454       76.1588      -37.7313 
     70.2598       76.1027      -37.6856 
     78.2570       76.0909      -37.5671 
     20.3171       78.1795      -38.5123 
     26.2523       78.1703      -38.3903 
     28.2283       78.1214      -38.3254 
     30.3057       78.1630      -38.2919 
     36.3101       78.0794      -37.9700 
     38.2834       78.2308      -37.9113 
     44.3689       78.1203      -37.8204 
     46.3195       78.2100      -37.8585 
     48.1857       78.0765      -37.8416 
     50.2472       78.1290      -37.7122 
     52.3156       78.1988      -37.7181 
     62.3042       78.1619      -37.5795 
     64.2117       78.1228      -37.6004 
     68.3309       78.1925      -37.5631 
     22.2796       80.0958      -38.4684 
     24.3390       80.1705      -38.2644 
     32.2497       80.1016      -38.0614 
     34.2489       80.1340      -37.9055 
     14.2839       82.1833      -38.6839 
     20.2762       82.1170      -38.3947 
     32.1839       82.1656      -37.8202 
     14.2728       84.1861      -38.4580 
     24.2634       84.1404      -37.9881 
     18.2635       86.1821      -38.1547 
     22.1975       10.1684      -38.6113 
     34.2089       10.0995      -38.6900 
     36.2664       10.0744      -38.7182 
     80.2942       10.1553      -39.2608 
     90.3355       10.1335      -39.2111 
     16.3180       12.1766      -38.7264 
     18.3297       12.2135      -38.6616 
     24.3353       12.1594      -38.9923 
     26.3360       12.0642      -39.0306 
     30.2864       12.1731      -39.0809 
     34.1984       12.1259      -38.8764 
     36.2520       12.1650      -38.9282 
     20.2535       14.0914      -39.0861 
     16.2450       16.1524      -39.1958 
     18.1732       16.1259      -39.1549 
     20.2659       16.1339      -39.1661 
     30.2801       16.1869      -39.1581 
     74.2398       16.1268      -38.8284 
     12.2372       18.0905      -39.2115 
     28.3109       18.0711      -39.0257 
     42.2716       18.1351      -38.7992 
     48.2285       18.0732      -38.8546 
     62.2660       18.2113      -38.7161 
     68.2167       18.1021      -38.7125 
     80.2598       18.1028      -38.7584 
     88.2850       18.0342      -38.8994 
     10.2055       20.1260      -39.1712 
     14.2882       20.1352      -39.0470 
     16.2340       20.1922      -39.1068 
     20.2799       20.1381      -39.0340 
     32.2776       20.1324      -38.7923 
     36.3196       20.1861      -38.6700 
     42.2952       20.0501      -38.7509 
     46.2523       20.0902      -38.7131 
     50.3204       20.1759      -38.5769 
     64.2938       20.1208      -38.5442 
     84.2809       20.0701      -38.7484 
     10.1987       22.0531      -39.0707 
     12.3024       22.1327      -39.0270 
     22.2975       22.1555      -38.8196 
     28.3272       22.1272      -38.7678 
     34.2239       22.0947      -38.5390 
     36.2650       22.0775      -38.5920 
     84.2451       22.1395      -38.3981 
     90.2135       22.1158      -38.4567 
     18.2269       24.1773      -38.7402 
     20.2449       24.1102      -38.7750 
     22.2625       24.1795      -38.7244 
     72.2942       24.1336      -37.9750 
     12.2591       26.1565      -38.5340 
     24.2667       26.1451      -38.3431 
     44.2703       62.1586      -38.1704 
     38.2726       64.1015      -38.3806 
     40.2091       64.1374      -38.5476 
     26.2124       66.1490      -38.0168 
     34.2626       66.1704      -38.3670 
     50.3077       66.1824      -38.6932 
     54.2565       66.2204      -38.5113 
     46.2709       68.1448      -38.6792 
     58.2540       68.1831      -38.3879 
     62.2922       68.1674      -38.4398 
     32.2325       70.1634      -38.6927 
     48.3503       70.1738      -38.5437 
     50.2072       70.1376      -38.4151 
     64.2690       70.1312      -38.2292 
     82.2884       70.1180      -37.5050 
     86.2112       70.1372      -37.4745 
     32.3098       72.1758      -38.6019 
     60.2459       72.1901      -38.2222 
     62.2915       72.2296      -38.1762 
     66.1636       72.2084      -38.0676 
     74.2370       72.1275      -37.9813 
     82.3060       72.1121      -37.3949 
     86.2788       72.1213      -37.3941 
     88.2809       72.0749      -37.4167 
     24.2445       74.0562      -38.5857 
     28.2985       74.1325      -38.5876 
     30.2177       74.1560      -38.5792 
     32.3028       74.1678      -38.4702 
     44.2947       74.2463      -38.2176 
     52.2586       74.1838      -38.1390 
     54.2734       74.1417      -38.0142 
     56.3123       74.1418      -37.9895 
     66.1660       74.1322      -37.9109 
     72.2129       74.1381      -37.8753 
     76.2384       74.2239      -37.7584 
     88.2923       74.1432      -37.2658 
     90.2210       74.1689      -37.2873 
     36.2828       76.2218      -38.1568 
     38.2723       76.1316      -38.1096 
     40.2629       76.1401      -38.0871 
     42.2730       76.1167      -38.0236 
     44.1928       76.1609      -38.0472 
     48.2506       76.1550      -38.0485 
     50.2540       76.2500      -37.9534 
     52.3050       76.1195      -37.8928 
     54.3270       76.1256      -37.8583 
     72.2211       76.0902      -37.7219 
     76.2021       75.9996      -37.5400 
     32.2638       78.1740      -38.2527 
     34.2611       78.1526      -38.1221 
     54.2185       78.1294      -37.6490 
     56.1746       78.1203      -37.6481 
     60.3300       78.2807      -37.6298 
     66.2740       78.0794      -37.5917 
     70.2458       78.2183      -37.6010 
     28.1843       10.1073      -38.6873 
     32.2963       12.0812      -38.9629 
     24.2080       14.0969      -39.1737 
     28.2559       14.1950      -39.1971 
     32.2448       14.1684      -39.0900 
     12.2523       16.0984      -39.0857 
     14.3182       16.1528      -39.1528 
     18.2368       20.1546      -39.0306 
     14.3123       22.2051      -38.9007 
     70.3068       22.0706      -38.2381 
     72.2660       22.0880      -38.2767 
     74.2226       22.0729      -38.2818 
     86.2870       22.1074      -38.4135 
     88.2665       22.1314      -38.4810 
     26.3136       24.0600      -38.5797 
     38.2742       24.2762      -38.2041 
     68.2559       24.2169      -37.8777 
     70.3600       24.1590      -37.9935 
     82.2281       24.1423      -38.0004 
     88.2479       52.1269      -38.3369 
     66.2534       64.1096      -37.6684 
     42.2953       66.1239      -38.9743 
     48.2399       66.1385      -38.6938 
     74.2758       66.0691      -37.5879 
     20.2931       68.0810      -37.7752 
     52.1600       68.1758      -38.6492 
     64.2985       68.1974      -38.2145 
     78.2628       68.1933      -37.6053 
     86.2551       68.1406      -37.7051 
     90.2579       68.1607      -37.7784 
     10.2648       70.0151      -37.8913 
     34.2519       70.1319      -38.6735 
     42.2317       70.1574      -38.6693 
     54.2833       70.1833      -38.4470 
     56.3294       70.1489      -38.2969 
     58.2159       70.0653      -38.3043 
     60.2051       70.1592      -38.3017 
     66.2511       70.1436      -38.1392 
     68.2445       70.1552      -38.1628 
     72.2308       70.0900      -38.1122 
     80.2670       70.1139      -37.4974 
     90.3291       70.1162      -37.4905 
     50.2294       72.1129      -38.3328 
     56.2935       72.1066      -38.1592 
     58.2428       72.1946      -38.2291 
     72.2618       72.1310      -38.0184 
     36.2501       74.1890      -38.3680 
     38.2148       74.1924      -38.3494 
     42.2360       74.1146      -38.2233 
     50.2468       74.1279      -38.1331 
     60.1979       74.1669      -38.0627 
     62.2938       74.1872      -37.9390 
     70.3019       74.1378      -37.9079 
     74.2336       76.1080      -37.6339 
     30.2766       10.1771      -38.7564 
     32.3256       10.1930      -38.5778 
     20.0967       12.0262      -38.6858 
     28.1678       12.1331      -39.0402 
     14.2843       14.0822      -39.0178 
     18.2345       14.1218      -39.0253 
     10.2770       16.0950      -38.9120 
     10.2154       18.0946      -39.1370 
     24.2604       22.1798      -38.7402 
     26.2082       22.0939      -38.7500 
     74.2355       24.2070      -37.9287 
     76.2687       24.1735      -37.9390 
     78.2844       24.1992      -37.9754 
     26.2904       26.2402      -38.1065 
     42.2372       30.1551      -39.1241 
     88.2479       52.1269      -38.3369 
     90.2460       52.0814      -37.9449 
     90.2196       54.1270      -38.6175 
     32.2726       60.1093      -38.1504 
     30.2874       62.1102      -38.3824 
     32.2041       62.1972      -38.4251 
     38.2318       62.0751      -38.2284 
     52.2281       62.1122      -37.8943 
     56.2619       62.1153      -37.7498 
     20.2841       64.1214      -38.2947 
     36.2530       64.1661      -38.4084 
     86.2660       64.1256      -38.2131 
     16.2033       66.1133      -38.2808 
     44.2436       66.1292      -38.9071 
     46.2683       66.2175      -38.7200 
     58.2361       66.0999      -38.2664 
     82.2367       66.1769      -37.9535 
     90.2846       66.1911      -37.9741 
     10.2430       68.1299      -38.0834 
     18.2448       68.1116      -37.9444 
     44.1814       68.1423      -38.7776 
     48.3365       68.1702      -38.6722 
     56.3032       68.1948      -38.4800 
     60.2321       68.1777      -38.4000 
     82.2562       68.1262      -37.6932 
     88.2724       68.1676      -37.7119 
     22.2206       70.0954      -38.2892 
     40.2458       70.1609      -38.6668 
     46.2691       70.2013      -38.7005 
     52.2348       70.1463      -38.5062 
     70.2469       70.1522      -38.1309 
     42.1480       72.2017      -38.5590 
     54.2822       72.1501      -38.2647 
     64.2309       72.2419      -38.1187 
     36.2501       74.1890      -38.3680 
     58.2394       74.1633      -37.9766 
     16.3604       14.1683      -38.9345 
     16.2554       24.1861      -38.7492 
     80.2382       24.1570      -38.0618 
     28.2662       26.1541      -38.2593 
     44.2300       30.1359      -39.1169 
     52.2650       34.1486      -38.9375 
     84.1991       52.1754      -38.7227 
     86.3122       52.1747      -38.6093 
     76.2798       58.0626      -38.4056 
     30.2141       60.0572      -38.2345 
     38.2578       60.1108      -38.1792 
     28.2613       62.0971      -38.2955 
     50.4010       62.1108      -37.8394 
     70.2710       62.1959      -37.9320 
     72.2760       62.1934      -37.9190 
     10.2545       64.1534      -38.5724 
     14.2944       64.1215      -38.4764 
     22.2651       64.1453      -38.2312 
     24.2754       64.1596      -38.1848 
     68.2611       64.1284      -37.6002 
     80.2643       64.1782      -38.0730 
     84.2767       64.1633      -38.1394 
     12.2392       66.0874      -38.2458 
     14.2387       66.1491      -38.3671 
     78.2294       66.1453      -37.6600 
     80.2859       66.1239      -37.8180 
     84.2892       66.2118      -37.9870 
     88.2565       66.1377      -37.9343 
     40.3180       68.1969      -38.8425 
     42.2651       68.1667      -38.8916 
     50.2618       68.1452      -38.6130 
     84.2658       68.1041      -37.6322 
     62.2462       70.1450      -38.3017 
     34.2705       72.2086      -38.5205 
     40.3301       72.1743      -38.4128 
     46.2907       72.1678      -38.3460 
     48.2825       72.1838      -38.3494 
     12.2206       14.0943      -38.6753 
     60.2877       24.2016      -38.1345 
     66.2171       24.2274      -37.9451 
     38.2506       30.1098      -39.0143 
     48.2217       30.2129      -39.1860 
     30.2474       32.1444      -39.1165 
     40.2910       32.1218      -38.9640 
     46.2639       32.1204      -39.0150 
     48.2290       32.1118      -39.0741 
     54.2827       32.0625      -39.0743 
     60.3089       32.1655      -39.0584 
     62.2711       32.1286      -39.0918 
     16.2811       48.2270      -38.8075 
     20.1935       48.1140      -38.6070 
     78.2562       50.0883      -38.0935 
     88.2796       50.0779      -37.8233 
     86.2739       56.1881      -38.8166 
     14.2521       58.0737      -38.9277 
     48.2021       58.1643      -38.2907 
     62.1889       58.1863      -38.2213 
     76.2798       58.0626      -38.4056 
     16.2214       60.1181      -38.7798 
     74.2847       60.2173      -38.2259 
     84.2718       60.1194      -38.6433 
     86.2777       60.1373      -38.5670 
     88.1929       60.1344      -38.6032 
     90.2494       60.1568      -38.6180 
     12.2158       62.1528      -38.6754 
     18.2300       62.1496      -38.4840 
     34.2119       62.1175      -38.5477 
     54.1788       62.0145      -37.7563 
     66.2938       62.1643      -37.8965 
     74.3025       62.1334      -38.0467 
     76.1862       62.0758      -38.1142 
     78.2420       62.1166      -38.1078 
     86.2871       62.1326      -38.3558 
     88.2277       62.1237      -38.4078 
     90.2959       62.1255      -38.3669 
     16.2617       64.1323      -38.4677 
     18.2781       64.1986      -38.4645 
     68.2611       64.1284      -37.6002 
     72.2658       64.1707      -37.7295 
     78.2804       64.1796      -37.9842 
     80.2643       64.1782      -38.0730 
     82.2490       64.1888      -38.1241 
     88.1855       64.1364      -38.2293 
     90.2572       64.1864      -38.1442 
     10.1911       66.1298      -38.2915 
     18.2776       66.1698      -38.2228 
     24.2247       66.1114      -37.9691 
     76.2653       66.1412      -37.6335 
     86.2447       66.0877      -37.9183 
     88.2565       66.1377      -37.9343 
     80.2819       68.0984      -37.6433 
     36.2608       70.1219      -38.7067 
     44.2274       72.1128      -38.3866 
     46.2907       72.1678      -38.3460 
     40.2768       24.1310      -38.2615 
     52.2621       24.1270      -38.1887 
     62.3216       24.2270      -37.9942 
     66.2541       26.1127      -38.3575 
     90.2091       26.2751      -37.8777 
     10.2794       28.1863      -38.4723 
     18.2765       28.2088      -38.2436 
     20.3332       28.2284      -38.2309 
     46.2647       28.0851      -39.1886 
     54.3269       28.0813      -39.0246 
     32.2920       30.0494      -39.1452 
     34.2245       30.1219      -39.0280 
     40.3164       30.0320      -39.1316 
     46.2968       30.1264      -39.2198 
     50.2404       30.1717      -39.1098 
     52.2819       30.1179      -39.1445 
     56.2114       30.2053      -39.1008 
     64.1879       30.0100      -39.1124 
     28.2145       32.1439      -39.0381 
     32.2698       32.0988      -39.1196 
     34.2682       32.0860      -39.0716 
     36.2484       32.1378      -38.9714 
     42.2353       32.1619      -39.0391 
     50.2675       32.1737      -39.0553 
     54.2827       32.0625      -39.0743 
     56.1759       32.1437      -39.0637 
     60.3089       32.1655      -39.0584 
     70.1934       32.1031      -38.9129 
     10.3784       34.2517      -39.3592 
     12.1522       34.1306      -39.3654 
     30.2972       34.1933      -39.0709 
     40.2486       34.0940      -38.9179 
     58.2596       34.0577      -38.9354 
     62.1943       34.1269      -38.9544 
     74.2912       34.1024      -38.9844 
     30.2939       36.1762      -38.9341 
     34.2560       36.0980      -38.9030 
     52.2813       36.1471      -38.7348 
     42.2774       44.0068      -38.5486 
     84.2913       50.0690      -38.0579 
     88.2796       50.0779      -37.8233 
     74.2269       52.1797      -38.3461 
     76.3000       52.1098      -38.4027 
     78.1909       52.1564      -38.5740 
     80.1806       52.2206      -38.6429 
     82.2553       52.2045      -38.7295 
     84.2612       54.1759      -38.8542 
     86.2892       54.2152      -38.8567 
     88.2694       54.1896      -38.7435 
     72.2341       56.0784      -38.4089 
     74.3196       56.1669      -38.3969 
     80.2565       56.1843      -38.7740 
     84.2580       56.1783      -38.8843 
     88.2600       56.0982      -38.6757 
     90.2355       56.1128      -38.6723 
     14.2521       58.0737      -38.9277 
     20.2312       58.0819      -38.7942 
     24.2739       58.1649      -38.7041 
     26.2642       58.1325      -38.5861 
     28.2377       58.0409      -38.3644 
     40.2146       58.1746      -38.2085 
     48.2021       58.1643      -38.2907 
     64.2657       58.0995      -38.2440 
     88.2658       58.1417      -38.8040 
     90.2302       58.1394      -38.7304 
     54.1186       60.1300      -38.0318 
     58.2922       60.1917      -37.9230 
     60.2369       60.1552      -38.0511 
     62.2296       60.1429      -38.1440 
     68.3062       60.1279      -38.1119 
     78.2264       60.1450      -38.3392 
     82.2550       60.1355      -38.5973 
     86.2777       60.1373      -38.5670 
     10.2036       62.0628      -38.6186 
     16.2304       62.1156      -38.6400 
     26.2713       62.1256      -38.3471 
     34.2119       62.1175      -38.5477 
     58.3542       62.1126      -37.7250 
     60.2015       62.1195      -37.7691 
     64.2530       62.1658      -37.8068 
     68.2813       62.2052      -37.9419 
     82.2574       62.1206      -38.2450 
     84.2779       62.1008      -38.4213 
     12.2516       64.1727      -38.4868 
     26.2276       64.2036      -38.1470 
     28.2754       64.0513      -38.0873 
     30.2924       64.1694      -38.2917 
     32.2435       64.1638      -38.3002 
     34.2284       64.1141      -38.3206 
     70.2559       64.1441      -37.7000 
     74.2703       64.1730      -37.9045 
     76.2727       64.1168      -37.9382 
     78.2804       64.1796      -37.9842 
     20.3096       66.1732      -38.1352 
     24.2247       66.1114      -37.9691 
     12.3027       68.1853      -38.1135 
     38.2553       70.1380      -38.6772 
     42.2516       24.0927      -38.2747 
     54.2523       24.1745      -38.1449 
     62.3216       24.2270      -37.9942 
     64.2475       24.2337      -37.9480 
     32.2551       26.1433      -38.3167 
     38.2760       26.1695      -38.5600 
     66.2541       26.1127      -38.3575 
     70.2643       26.1727      -38.1463 
     74.2309       26.1282      -38.1873 
     20.3332       28.2284      -38.2309 
     22.2786       28.2503      -38.1941 
     36.2648       28.1273      -38.7785 
     38.2240       28.1517      -38.8998 
     40.2698       28.0862      -39.0504 
     46.2647       28.0851      -39.1886 
     48.2513       28.2115      -39.1677 
     50.2235       28.0727      -39.1358 
     52.2576       28.1273      -39.0778 
     64.1811       28.1172      -38.9016 
     30.1703       30.1574      -39.1264 
     34.2245       30.1219      -39.0280 
     54.2784       30.1307      -39.1754 
     58.1972       30.1755      -39.1416 
     62.3075       30.1264      -39.1716 
     66.2873       30.1079      -38.9165 
     68.3236       30.1901      -38.8594 
     12.2870       32.1833      -39.3058 
     26.2697       32.1403      -39.0122 
     34.2682       32.0860      -39.0716 
     42.2353       32.1619      -39.0391 
     44.2470       32.1044      -39.0309 
     64.2277       32.0569      -38.9979 
     66.2410       32.2012      -38.9360 
     74.2431       32.1310      -38.9745 
     78.2856       32.1306      -39.0888 
     80.2532       32.0601      -39.1449 
     18.3342       34.2329      -39.1656 
     28.2748       34.1431      -39.0198 
     36.1825       34.1337      -38.9698 
     38.2367       34.0686      -38.9537 
     40.2486       34.0940      -38.9179 
     42.1875       34.1782      -38.8535 
     44.2948       34.1365      -38.9320 
     48.2263       34.0453      -38.9216 
     50.2443       34.2027      -38.8798 
     54.2072       34.0750      -38.9221 
     64.2357       34.0858      -38.9442 
     68.2717       34.1305      -38.8720 
     70.2090       34.1028      -38.8180 
     80.2810       34.0445      -39.0610 
     84.2767       34.2013      -39.0652 
     32.2410       36.1275      -38.9321 
     34.2560       36.0980      -38.9030 
     40.2510       36.1997      -38.6730 
     42.2323       36.1897      -38.7498 
     44.2751       36.1622      -38.7130 
     48.2198       36.0470      -38.7085 
     52.2813       36.1471      -38.7348 
     54.1790       36.0034      -38.7681 
     62.1607       36.0751      -38.7592 
     64.3242       36.1796      -38.6935 
     86.2485       36.1108      -38.9839 
     14.2814       38.1374      -39.0740 
     44.2534       38.1579      -38.5221 
     46.2347       38.0688      -38.5857 
     44.3678       44.0745      -38.6709 
     54.2356       46.3235      -38.7862 
     58.0466       46.1285      -38.6720 
     60.4790       46.2940      -38.2900 
     64.3313       46.1372      -38.1106 
     12.2508       48.1582      -38.6856 
     14.2013       48.2449      -38.7100 
     62.3069       48.2363      -38.6291 
     64.1245       48.1994      -38.4531 
     66.2275       48.2438      -38.2676 
     68.1682       48.1745      -38.0760 
     14.1389       50.2342      -39.0761 
     16.1911       50.1328      -38.9166 
     18.2954       50.1972      -38.8852 
     66.2347       50.2363      -38.5034 
     68.2889       50.1402      -38.3810 
     70.3145       50.2117      -38.2359 
     74.1672       50.2502      -38.1298 
     76.3376       50.0238      -38.0053 
     80.1551       50.1164      -38.1419 
     12.3109       52.1790      -39.2326 
     18.3096       52.2034      -39.0520 
     68.3208       52.1527      -38.6072 
     72.2216       52.0700      -38.3854 
     16.2996       54.1776      -39.0322 
     60.3034       54.1022      -38.6064 
     72.2410       54.0844      -38.4640 
     74.2516       54.1619      -38.4418 
     76.3047       54.1325      -38.5509 
     78.2630       54.1136      -38.6214 
     82.2494       54.1793      -38.8014 
     12.2441       56.0886      -39.0785 
     16.2856       56.1264      -38.9512 
     18.2438       56.1589      -38.9953 
     22.3045       56.1108      -38.9260 
     28.2690       56.0986      -38.5883 
     34.2147       56.0881      -38.4395 
     46.2757       56.1193      -38.4664 
     52.3206       56.1292      -38.3584 
     68.3119       56.1643      -38.4786 
     78.1703       56.1263      -38.6004 
     10.3297       58.1819      -39.0435 
     12.1562       58.1422      -38.9783 
     16.3159       58.1126      -38.8470 
     30.2813       58.1495      -38.3892 
     36.2238       58.1311      -38.1321 
     38.2892       58.1432      -38.1966 
     42.1870       58.1952      -38.2960 
     44.3062       58.1679      -38.2889 
     52.3092       58.1252      -38.2210 
     54.2552       58.1227      -38.1470 
     58.3246       58.2161      -38.2068 
     60.3024       58.1627      -38.2015 
     68.2460       58.1556      -38.2868 
     70.2498       58.1344      -38.3016 
     72.2238       58.0769      -38.3108 
     74.3680       58.1498      -38.3051 
     78.2721       58.1234      -38.4954 
     82.2579       58.1354      -38.6696 
     86.3082       58.1167      -38.7446 
     10.3014       60.1172      -38.8073 
     12.2697       60.1642      -38.8302 
     14.2607       60.0794      -38.7892 
     22.2843       60.1454      -38.6333 
     24.2427       60.1121      -38.5394 
     26.2321       60.1111      -38.4877 
     28.1935       60.1763      -38.3702 
     40.2569       60.1334      -38.1062 
     42.2876       60.0708      -38.0264 
     52.3376       60.1742      -38.0076 
     56.2656       60.1817      -37.9549 
     64.2749       60.1404      -38.0867 
     66.2563       60.1920      -38.1604 
     70.2396       60.1208      -38.0755 
     76.2080       60.0585      -38.2895 
     80.1979       60.1305      -38.4537 
     14.2767       62.1157      -38.6334 
     20.2678       62.1270      -38.5136 
     22.2822       62.1358      -38.3448 
     24.3110       62.1773      -38.4104 
     36.2621       62.1764      -38.4475 
     80.2873       62.1586      -38.2527 
     22.2552       66.1550      -38.0381 
     14.2617       68.1902      -38.0649 
     16.2171       68.1421      -38.0055 
     44.2441       24.1558      -38.2641 
     46.2696       24.1107      -38.3565 
     56.2926       24.1778      -38.1573 
     58.1727       24.1427      -38.1906 
     30.2654       26.1399      -38.2864 
     42.2825       26.0947      -38.7497 
     44.2641       26.1121      -38.8848 
     46.2547       26.0846      -38.8523 
     50.2701       26.0877      -38.8095 
     68.2734       26.1416      -38.1572 
     72.2199       26.1105      -38.1762 
     12.3519       28.1810      -38.4625 
     14.1754       28.1194      -38.3328 
     24.2683       28.1664      -38.3069 
     30.2578       28.1564      -38.7310 
     34.2556       28.1524      -38.8032 
     42.2788       28.1162      -39.0626 
     44.2282       28.0949      -39.2575 
     56.2167       28.1249      -39.0837 
     58.2264       28.1269      -39.0889 
     60.3007       28.1346      -39.0262 
     62.3280       28.1671      -38.9280 
     66.2168       28.1005      -38.7283 
     70.2828       28.1834      -38.5849 
     72.1907       28.1166      -38.5604 
     76.2631       28.1133      -38.7017 
     78.2733       28.0972      -38.8143 
     16.2334       30.1310      -38.7084 
     24.2596       30.0920      -38.6496 
     28.2267       30.1145      -38.9473 
     36.2702       30.1072      -39.0014 
     60.3012       30.1695      -39.1330 
     70.2259       30.1513      -38.8542 
     72.2452       30.1138      -38.8052 
     74.2805       30.1434      -38.9280 
     76.2514       30.0741      -38.9331 
     80.2269       30.1127      -39.0643 
     82.2827       30.0810      -39.1229 
     84.3152       30.1768      -39.0782 
     86.2421       30.1132      -38.9694 
     10.3279       32.1403      -39.3448 
     16.2950       32.1070      -39.0774 
     20.2509       32.0781      -38.9064 
     22.2758       32.1054      -38.8990 
     24.2907       32.0701      -38.9234 
     38.2673       32.0931      -39.0053 
     58.3288       32.1276      -39.0474 
     68.3065       32.1535      -38.9447 
     72.1886       32.1344      -38.9183 
     76.2919       32.1720      -38.9881 
     82.3140       32.1121      -39.1360 
     84.2743       32.1646      -39.2091 
     86.1907       32.1180      -39.1584 
     88.2131       32.1590      -39.0720 
     90.2889       32.1518      -38.9478 
     14.1952       34.1037      -39.3310 
     16.2799       34.1093      -39.2497 
     20.2050       34.0225      -39.0842 
     22.2386       34.1244      -39.0075 
     26.1967       34.1786      -39.0577 
     32.2806       34.1294      -38.9961 
     34.2959       34.1022      -38.9902 
     46.3074       34.0528      -38.8986 
     56.2124       34.0108      -38.9143 
     60.3258       34.2076      -38.8775 
     76.2402       34.1092      -38.9798 
     78.2423       34.1119      -39.1081 
     82.3318       34.1714      -39.1050 
     86.2553       34.1426      -39.0294 
     88.2329       34.1834      -39.0709 
     12.1343       36.1315      -39.2527 
     14.2331       36.0871      -39.2851 
     16.2641       36.1180      -39.1871 
     18.2643       36.2211      -39.0967 
     26.1896       36.1900      -38.9960 
     28.2933       36.1405      -38.9493 
     36.2504       36.1178      -38.8510 
     38.2674       36.1084      -38.7826 
     46.2580       36.0838      -38.7212 
     50.2589       36.1972      -38.6916 
     56.2388       36.0315      -38.7595 
     58.3023       36.0637      -38.7844 
     60.3374       36.1809      -38.7263 
     66.2974       36.2132      -38.7004 
     68.2499       36.1275      -38.6745 
     70.2352       36.0562      -38.7107 
     72.2387       36.1471      -38.7326 
     74.2546       36.1242      -38.7791 
     76.2978       36.0667      -38.8138 
     78.2235       36.1938      -38.8750 
     88.2784       36.2269      -38.9279 
     90.2602       36.1115      -38.9174 
     10.2977       38.1871      -39.2000 
     12.1721       38.1484      -39.1323 
     16.2975       38.0666      -39.0426 
     20.2594       38.2647      -38.9540 
     26.2277       38.1850      -38.8930 
     28.2821       38.1867      -38.8355 
     30.2651       38.1588      -38.7904 
     32.2822       38.1708      -38.7045 
     34.2809       38.1241      -38.7527 
     36.2598       38.0890      -38.7167 
     38.3166       38.1154      -38.6161 
     40.2331       38.1788      -38.5677 
     48.2903       38.0459      -38.5931 
     52.2467       38.0938      -38.5698 
     58.3445       38.0710      -38.5187 
     68.1787       38.0969      -38.5472 
     74.3050       38.0810      -38.6233 
     80.2671       38.0120      -38.7207 
     88.2655       38.1733      -38.7841 
     14.2559       40.1172      -39.0057 
     30.2394       40.1561      -38.6608 
     46.2059       44.0927      -38.5372 
     48.2421       44.2153      -38.4933 
     26.3419       45.9647      -38.3785 
     30.4924       45.9685      -38.6752 
     50.1800       46.1604      -38.8568 
     52.2448       46.2202      -38.7986 
     56.3301       46.2157      -38.5418 
     62.2894       46.0580      -38.0545 
     66.2280       46.1801      -38.0152 
     74.0357       46.1538      -38.0733 
     76.3186       46.1017      -38.0555 
     10.2707       48.2201      -38.6618 
     22.3010       48.0948      -38.5267 
     26.2549       48.2675      -38.7779 
     28.2734       48.1633      -38.7380 
     30.3319       48.1000      -38.9006 
     70.2945       48.1663      -37.9815 
     72.2884       48.1147      -37.8083 
     78.3222       48.0914      -37.8194 
     80.2354       48.0573      -37.8363 
     10.2957       50.2448      -39.1363 
     22.2281       50.0852      -38.8517 
     24.3087       50.1283      -38.7950 
     26.2938       50.1173      -38.8135 
     60.2676       50.1785      -38.7788 
     62.3322       50.1683      -38.7621 
     64.2022       50.1647      -38.6619 
     72.2624       50.0606      -38.1238 
     90.2968       50.1481      -37.7620 
     20.2196       52.1610      -39.0249 
     22.2358       52.1563      -39.0251 
     24.2831       52.1497      -38.8800 
     62.2929       52.1844      -38.8148 
     70.2362       52.1436      -38.4832 
     14.2343       54.0918      -39.1214 
     18.2721       54.1837      -38.9778 
     20.2198       54.1092      -39.0073 
     30.2359       54.1351      -38.6724 
     34.2450       54.1208      -38.6082 
     36.2379       54.1737      -38.4949 
     46.2557       54.1289      -38.6665 
     64.2100       54.1505      -38.5976 
     66.2506       54.1915      -38.6193 
     68.2722       54.1502      -38.5170 
     10.3235       56.1819      -39.1665 
     14.2396       56.0650      -38.9950 
     24.3092       56.1492      -38.7939 
     26.2510       56.2496      -38.7638 
     30.2498       56.1097      -38.4452 
     38.2453       56.1790      -38.3076 
     40.2283       56.1562      -38.4167 
     48.2333       56.1407      -38.4196 
     50.2177       56.0488      -38.3722 
     56.2063       56.1569      -38.3957 
     60.3114       56.1464      -38.3600 
     66.2810       56.1333      -38.5143 
     70.2148       56.1313      -38.4455 
     76.3000       56.1497      -38.5016 
     82.2933       56.1864      -38.8241 
     18.1766       58.1693      -38.8685 
     32.2898       58.2012      -38.2379 
     46.2030       58.0981      -38.3390 
     56.2029       58.1545      -38.1400 
     66.2930       58.1616      -38.3308 
     80.2654       58.1399      -38.6260 
     84.2494       58.1757      -38.7394 
     18.2616       60.1365      -38.6736 
     20.2537       60.1203      -38.6937 
     44.2877       60.0982      -37.9967 
     46.1992       60.1327      -38.0691 
     50.2516       60.1488      -37.9851 
     62.2232       62.0719      -37.7546 
     48.2971       24.1753      -38.2716 
     50.2449       24.1856      -38.2677 
     34.2994       26.2156      -38.4013 
     36.2670       26.2089      -38.3823 
     40.2555       26.1053      -38.6946 
     48.2773       26.1348      -38.9050 
     52.2606       26.1020      -38.7134 
     54.3244       26.1026      -38.6248 
     58.2286       26.0808      -38.6440 
     60.2550       26.0973      -38.5726 
     62.3131       26.1353      -38.4653 
     64.2592       26.2265      -38.4399 
     76.3056       26.1146      -38.2900 
     78.2757       26.1214      -38.3925 
     80.2528       26.1528      -38.3508 
     82.2682       26.0907      -38.2613 
     84.3045       26.1167      -38.1310 
     86.3189       26.1961      -38.1117 
     16.1804       28.1309      -38.2768 
     26.2981       28.1362      -38.4432 
     28.2415       28.0553      -38.5988 
     68.2719       28.1915      -38.6021 
     74.2596       28.1041      -38.6309 
     80.2376       28.1226      -38.8208 
     86.2325       28.1670      -38.6000 
     88.2144       28.1036      -38.4169 
     90.2208       28.1069      -38.2900 
     14.1554       30.1601      -38.8704 
     20.3237       30.1388      -38.5241 
     22.2392       30.1306      -38.5558 
     26.2410       30.1851      -38.7758 
     78.2192       30.1218      -39.0779 
     88.2135       30.1141      -38.8633 
     90.2748       30.1202      -38.7416 
     14.1845       32.1019      -39.2864 
     18.3180       32.1674      -38.9862 
     24.2755       34.1102      -39.0137 
     90.2546       34.1142      -38.9965 
     10.3942       36.1742      -39.3065 
     20.2266       36.1017      -39.1019 
     22.3194       36.2664      -38.9966 
     24.3009       36.1314      -39.0255 
     80.2466       36.0523      -38.8893 
     82.3390       36.2267      -38.9496 
     84.2017       36.1994      -38.9551 
     18.2701       38.1467      -39.0053 
     42.1987       38.1439      -38.5180 
     50.2842       38.2436      -38.5348 
     54.1785       38.0186      -38.6117 
     56.3275       38.0941      -38.6066 
     60.2648       38.1569      -38.5929 
     62.2273       38.0581      -38.5523 
     64.2576       38.1811      -38.5720 
     66.3378       38.1269      -38.5829 
     72.3099       38.1390      -38.6107 
     76.2770       38.0712      -38.6576 
     82.3103       38.2599      -38.7553 
     84.1905       38.1005      -38.8458 
     86.2064       38.1594      -38.8347 
     10.1694       40.1669      -39.0316 
     12.1663       40.1485      -39.0408 
     16.3701       40.1062      -38.9111 
     18.2088       40.1323      -38.8388 
     24.1812       40.1480      -38.7865 
     26.2276       40.1365      -38.7589 
     28.2304       40.1513      -38.7294 
     34.2538       40.1184      -38.5910 
     36.2475       40.0745      -38.6053 
     38.2999       40.1029      -38.5548 
     40.1986       40.1830      -38.4358 
     44.3079       40.1302      -38.3906 
     48.2787       40.1103      -38.4120 
     50.3033       40.2290      -38.4342 
     54.1673       40.0601      -38.4098 
     56.2664       40.0747      -38.3414 
     60.1581       40.1122      -38.4194 
     62.2098       40.1262      -38.4258 
     68.1959       40.0686      -38.4073 
     76.2292       40.0896      -38.4948 
     82.2520       40.2274      -38.6111 
     84.2575       40.0988      -38.6944 
     88.2590       40.1279      -38.6465 
     90.2182       40.1539      -38.6907 
     16.3077       42.1464      -38.7486 
     32.2676       42.1216      -38.4760 
     40.1882       42.1098      -38.2710 
     52.1070       42.1074      -38.2812 
     54.2409       42.1193      -38.2197 
     36.3770       44.0941      -38.4444 
     38.2220       43.9738      -38.3609 
     40.2498       44.0822      -38.3405 
     50.2317       44.0849      -38.5333 
     54.3875       44.2757      -38.5523 
     10.1974       46.2549      -38.5950 
     72.3183       44.1549      -38.1478 
     74.0891       44.1451      -38.1754 
     76.4438       44.1799      -38.2389 
     82.2608       44.2391      -38.3575 
     84.2440       44.1372      -38.3062 
     90.2154       44.1848      -38.3967 
     40.2889       46.2113      -38.7423 
     46.2944       46.1722      -39.0284 
     48.2901       46.2013      -38.9702 
     18.2188       48.1648      -38.5505 
     24.2101       48.1354      -38.4815 
     36.2897       48.2401      -38.8222 
     40.2949       48.1481      -38.9026 
     50.1687       48.1033      -39.0027 
     58.1120       48.1746      -38.8462 
     60.2658       48.1893      -38.6815 
     82.1984       48.1421      -37.8805 
     84.2894       48.1051      -37.8443 
     12.3223       50.1996      -39.1065 
     34.2942       50.1967      -38.8875 
     36.2274       50.2035      -38.8542 
     38.2235       50.1661      -38.7787 
     40.3082       50.1139      -38.9243 
     42.1773       50.1978      -39.0600 
     44.2520       50.1824      -39.0460 
     50.1862       50.1339      -38.9607 
     52.2478       50.1785      -38.8479 
     54.3096       50.2764      -38.8255 
     58.2072       50.2100      -38.8462 
     10.3226       52.1139      -39.3714 
     14.2120       52.1384      -39.1319 
     26.2551       52.0767      -38.8514 
     28.2429       52.1947      -38.7898 
     34.2826       52.1581      -38.7814 
     40.2890       52.1559      -38.8095 
     42.2124       52.1753      -38.9350 
     44.2680       52.1706      -38.8975 
     46.2985       52.1591      -38.8617 
     48.2054       52.1046      -38.8009 
     54.3419       52.1804      -38.7318 
     56.1712       52.1329      -38.7393 
     64.2086       52.1882      -38.7380 
     66.2768       52.2041      -38.6800 
     10.2781       54.1452      -39.2670 
     12.2663       54.1513      -39.1971 
     22.2720       54.1497      -38.9440 
     24.2417       54.1561      -38.9333 
     26.2636       54.1110      -38.7458 
     28.2611       54.2059      -38.6965 
     32.2911       54.0956      -38.6439 
     38.3406       54.1726      -38.5748 
     40.2547       54.1378      -38.6184 
     42.2405       54.0546      -38.6967 
     44.3392       54.1575      -38.6604 
     48.1696       54.1315      -38.6721 
     50.2091       54.0688      -38.6792 
     52.2844       54.1190      -38.5471 
     54.3333       54.1464      -38.5469 
     56.1809       54.1117      -38.5938 
     58.2868       54.1093      -38.5340 
     62.1938       54.0850      -38.6203 
     20.2500       56.0939      -38.9833 
     32.2955       56.1476      -38.4169 
     36.2418       56.1251      -38.3820 
     42.2316       56.1116      -38.4298 
     44.2492       56.1518      -38.4389 
     58.2950       56.1768      -38.3383 
     62.2098       56.1122      -38.4148 
     64.1732       56.1597      -38.4011 
     22.2502       58.1000      -38.7452 
     34.1799       58.0921      -38.1689 
     48.2340       60.1539      -38.0169 
     56.2109       26.1024      -38.6889 
     32.2757       28.1186      -38.7854 
     82.2748       28.1038      -38.7906 
     84.2985       28.1249      -38.6821 
     10.2520       30.0977      -38.9324 
     12.3338       30.2130      -38.9433 
     18.2523       30.0830      -38.6093 
     22.2665       38.2704      -38.9375 
     24.2502       38.1361      -38.9544 
     70.2437       38.0912      -38.5417 
     78.2091       38.2099      -38.6364 
     90.2494       38.1213      -38.8094 
     20.1989       40.2051      -38.7967 
     22.3163       40.1592      -38.8302 
     32.2916       40.1304      -38.6466 
     42.2598       40.1518      -38.4138 
     46.2498       40.0143      -38.4266 
     52.2542       40.1060      -38.4448 
     58.3917       40.1154      -38.4089 
     64.3034       40.3076      -38.3952 
     66.2951       40.0864      -38.3562 
     70.1889       40.1613      -38.4091 
     72.2277       40.1209      -38.4444 
     74.3032       40.1261      -38.4800 
     78.2536       40.1703      -38.5029 
     80.3064       40.1732      -38.5463 
     86.2414       40.1750      -38.6793 
     10.1409       42.1640      -38.8605 
     12.2637       42.1469      -38.8389 
     14.2855       42.1119      -38.8246 
     18.2004       42.2336      -38.6668 
     22.3263       42.0618      -38.7116 
     24.2237       42.1386      -38.6759 
     26.2903       42.1179      -38.6271 
     28.2410       42.1744      -38.5567 
     30.2679       42.1298      -38.5143 
     34.2353       42.0429      -38.4698 
     38.2480       42.1100      -38.3744 
     42.2255       42.1311      -38.1680 
     44.3040       42.0523      -38.2173 
     48.2600       42.1861      -38.2153 
     56.2831       42.0390      -38.2092 
     58.3542       42.1436      -38.2356 
     60.1742       42.0820      -38.2368 
     62.2337       42.2178      -38.2546 
     64.3423       42.2315      -38.2561 
     66.2539       42.0577      -38.2427 
     26.3068       44.0813      -38.5328 
     32.2872       43.9744      -38.4444 
     52.2850       44.2431      -38.5200 
     60.1614       44.0376      -38.2656 
     62.2620       44.2338      -38.1509 
     66.2353       44.2174      -38.1252 
     12.2890       46.2064      -38.6780 
     64.3687       44.1732      -38.1106 
     78.3239       44.1798      -38.1988 
     80.2150       44.2710      -38.2254 
     86.3330       44.2257      -38.3682 
     88.2477       44.1002      -38.4271 
     14.3251       46.1562      -38.4391 
     22.3080       46.0694      -38.5338 
     24.2579       46.0978      -38.4421 
     28.3518       46.1598      -38.5734 
     32.2424       46.0290      -38.7929 
     34.3416       46.2320      -38.8677 
     36.2848       46.3976      -38.6751 
     38.3627       46.1249      -38.7262 
     42.2625       46.1874      -39.0327 
     44.2981       46.2478      -39.0665 
     70.2172       46.1415      -38.0366 
     80.2088       46.1806      -38.0322 
     86.2594       46.1690      -38.1349 
     32.3403       48.1197      -39.0076 
     34.2279       48.2579      -39.0211 
     38.2566       48.0700      -38.7868 
     42.2169       48.2276      -39.0958 
     44.2464       48.1751      -39.1277 
     46.2973       48.1586      -39.0948 
     48.2745       48.1463      -39.0732 
     52.2570       48.1767      -38.8842 
     56.2897       48.1472      -38.8519 
     76.2784       48.1053      -37.8040 
     20.2033       50.2269      -38.9649 
     28.2630       50.1155      -38.7407 
     30.2377       50.1366      -38.8980 
     32.2518       50.2008      -38.9467 
     46.3251       50.1392      -39.0219 
     48.1760       50.1379      -39.0138 
     56.2583       50.1201      -38.8535 
     16.2817       52.1571      -39.0404 
     30.2360       52.2107      -38.7743 
     32.2598       52.1294      -38.8169 
     36.2094       52.1854      -38.7139 
     38.2716       52.1901      -38.7229 
     50.2233       52.0951      -38.7689 
     52.2801       52.1810      -38.7438 
     58.2386       52.1230      -38.7258 
     60.3019       52.1641      -38.7356 
     20.3063       42.2443      -38.6740 
     36.2914       42.0008      -38.4884 
     46.2845       42.0745      -38.2049 
     50.3318       42.1456      -38.2349 
     68.1891       41.9738      -38.2245 
     70.2726       42.1201      -38.2570 
     74.2484       42.1360      -38.3320 
     78.3075       42.1800      -38.3088 
     80.3248       42.2388      -38.4198 
     82.2126       42.1386      -38.4953 
     84.1669       42.0639      -38.5108 
     86.2951       42.2769      -38.4833 
     88.2603       42.1119      -38.5262 
     10.1318       44.1103      -38.7189 
     12.2313       44.1749      -38.6886 
     16.2226       44.1275      -38.6014 
     22.2406       44.0621      -38.5715 
     24.2443       44.1348      -38.5120 
     28.2111       44.1023      -38.5778 
     34.2798       43.9921      -38.3867 
     58.2425       44.0797      -38.0804 
     68.2701       44.2606      -38.0602 
     70.4038       44.1969      -38.1487 
     16.3052       46.0965      -38.4149 
     18.1310       46.0555      -38.5592 
     20.2288       46.2306      -38.3616 
     68.2252       46.1812      -37.9600 
     72.2283       46.1422      -37.9685 
     78.2584       46.1925      -37.9559 
     82.2210       46.1102      -38.0060 
     84.3209       46.1542      -38.0777 
     88.2705       46.2068      -38.1276 
     90.2749       46.1529      -38.1531 
     54.3184       48.2713      -38.8805 
     74.3976       48.1674      -37.8511 
     86.2846       48.1412      -37.9061 
     88.2774       48.1454      -37.8972 
     90.2647       48.1513      -37.9845 
     72.2835       42.0722      -38.3552 
     76.2794       42.0034      -38.3416 
     90.3035       42.1988      -38.5736 
     14.3244       44.1129      -38.7439 
     18.2567       44.2059      -38.6093 
     20.2741       44.2569      -38.5749 
     30.2768       43.9874      -38.4693 
     56.4070       44.1082      -38.1467 
